potato-trail-2_0002.png 193 129 329 261 1 0
potato-blue-trail-5_0004.png 174 84 237 161 1 0 343 108 408 175 1 1 183 227 256 329 1 2 322 236 400 310 1 3
potato-blue-trail-10_0001.png 193 96 256 179 1 0 160 254 274 338 1 1 343 156 426 245 1 2 320 265 405 368 1 3
potato-white-trail-0_0002.png 186 219 251 331 1 0 196 88 315 163 1 1 372 101 466 203 1 2 327 273 403 350 1 3
potato-blue-trail-5_0000.png 200 98 284 179 1 0 177 307 261 387 1 1 358 287 469 367 1 2 357 131 443 217 1 3
potato-blue-trail-1_0007.png 257 116 331 193 1 0 157 229 228 364 1 1 253 330 314 399 1 2 366 229 416 299 1 3
potato-blue-trail-3_0000.png 207 176 273 250 1 0 278 370 349 448 1 1 443 268 529 373 1 2 331 112 437 191 1 3
potato-trail-6_0002.png 298 59 516 258 1 0
potato-blue-trail-0_0001.png 207 68 333 187 1 0 153 240 233 319 1 1 298 293 370 366 1 2 387 154 482 234 1 3
potato-blue-trail-1_0003.png 214 88 346 164 1 0 190 246 271 320 1 1 333 344 428 419 1 2 401 145 503 245 1 3
potato-blue-trail-6_0002.png 176 128 242 203 1 0 331 137 393 227 1 1 127 240 195 317 1 2 293 272 366 353 1 3
potato-blue-trail-2_0001.png 214 194 295 260 1 0 181 309 249 381 1 1 332 351 401 426 1 2 365 219 440 302 1 3
potato-blue-trail-8_0001.png 160 158 214 230 1 0 214 284 309 384 1 1 241 124 388 167 1 2 346 220 451 297 1 3
potato-blue-trail-2_0003.png 268 160 320 213 1 0 225 266 281 342 1 1 322 331 403 397 1 2 370 192 431 261 1 3
potato-blue-trail-7_0000.png 160 90 269 172 1 0 176 294 260 380 1 1 340 296 432 377 1 2 359 92 437 170 1 3
potato-blue-trail-13_0000.png 214 232 340 375 1 0 376 221 501 344 1 1 402 54 518 172 1 2 223 35 326 158 1 3
potato-trail-6_0004.png 96 225 271 405 1 0
potato-blue-trail-6_0003.png 203 221 283 292 1 0 264 110 333 159 1 1 378 143 447 215 1 2 344 295 451 363 1 3
potato-blue-trail-11_0004.png 169 184 268 279 1 0 322 209 421 314 1 1 355 97 436 181 1 2 216 59 300 150 1 3
potato-blue-trail-8_0000.png 137 167 199 238 1 0 234 269 337 381 1 1 369 178 489 263 1 2 215 50 407 96 1 3
potato-blue-trail-4_0004.png 172 79 260 162 1 0 143 236 242 323 1 1 321 250 404 333 1 2 338 109 400 178 1 3
potato-trail-5_0003.png 222 34 347 160 1 0
potato-trail-8_0002.png 133 248 262 396 1 0
potato-trail-3_0003.png 226 60 335 245 1 0
potato-blue-trail-11_0000.png 172 77 298 189 1 0 354 133 469 236 1 1 300 304 416 403 1 2 120 251 249 365 1 3
potato-blue-trail-3_0002.png 239 124 316 184 1 0 194 236 265 323 1 1 319 309 400 366 1 2 392 164 453 223 1 3
potato-trail-9_0002.png 86 164 240 334 1 0
potato-trail-7_0001.png 349 90 465 261 1 0
potato-trail-2_0001.png 343 78 471 210 1 0
potato-blue-trail-7_0001.png 163 243 243 318 1 0 310 280 397 347 1 1 366 121 429 192 1 2 198 92 297 156 1 3
potato-trail-6_0001.png 276 194 480 377 1 0
potato-trail-1_0000.png 213 140 374 265 1 0
potato-trail-1_0003.png 167 151 315 283 1 0
potato-trail-0_0001.png 248 141 414 300 1 0
potato-trail-8_0001.png 347 239 469 401 1 0
potato-trail-8_0003.png 164 47 302 217 1 0
potato-blue-trail-6_0004.png 186 128 278 193 1 0 187 281 261 356 1 1 328 306 408 380 1 2 343 161 416 229 1 3
potato-blue-trail-9_0001.png 172 98 258 177 1 0 317 123 397 193 1 1 354 227 451 303 1 2 197 264 298 345 1 3
potato-blue-trail-9_0004.png 144 186 188 276 1 0 214 115 297 168 1 1 294 254 366 366 1 2 344 160 414 227 1 3
potato-trail-1_0001.png 301 96 471 225 1 0
potato-trail-3_0000.png 391 176 528 352 1 0
potato-blue-trail-10_0004.png 210 109 304 176 1 0 336 226 428 325 1 1 193 254 255 334 1 2 336 130 427 200 1 3
potato-trail-9_0003.png 127 319 326 477 1 0
potato-trail-2_0000.png 323 187 461 316 1 0
potato-blue-trail-7_0004.png 209 100 277 165 1 0 166 203 237 288 1 1 330 276 404 353 1 2 373 121 442 212 1 3
potato-trail-7_0000.png 246 160 366 319 1 0
potato-trail-5_0002.png 126 198 245 315 1 0
potato-blue-trail-8_0004.png 206 98 291 176 1 0 171 205 271 307 1 1 319 227 419 331 1 2 355 94 403 165 1 3
potato-white-trail-1_0000.png 189 131 290 259 1 0 219 277 339 393 1 1 358 240 464 364 1 2 335 107 436 214 1 3
potato-blue-trail-1_0005.png 207 165 341 253 1 0 205 323 279 389 1 1 344 386 431 458 1 2 395 205 493 297 1 3
potato-blue-trail-1_0004.png 217 141 343 202 1 0 179 270 258 346 1 1 316 379 414 458 1 2 388 193 481 287 1 3
potato-blue-trail-4_0002.png 181 59 265 141 1 0 168 209 248 287 1 1 331 221 407 293 1 2 337 77 425 162 1 3
potato-white-trail-2_0002.png 241 128 366 243 1 0 239 286 316 384 1 1 377 311 450 378 1 2 405 171 495 254 1 3
potato-trail-1_0002.png 160 246 305 378 1 0
potato-blue-trail-7_0002.png 185 207 246 278 1 0 325 257 434 333 1 1 372 118 439 181 1 2 240 79 316 141 1 3
potato-blue-trail-9_0000.png 147 124 230 234 1 0 298 71 407 145 1 1 251 278 356 385 1 2 397 220 517 265 1 3
potato-blue-trail-8_0003.png 151 90 251 192 1 0 297 93 386 187 1 1 299 215 396 298 1 2 170 224 223 291 1 3
potato-blue-trail-13_0002.png 201 155 316 259 1 0 306 264 418 349 1 1 413 161 511 234 1 2 271 69 388 154 1 3
potato-trail-0_0002.png 388 96 570 250 1 0
potato-trail-6_0003.png 102 50 293 240 1 0
potato-trail-3_0002.png 386 73 496 271 1 0
potato-trail-4_0004.png 423 236 546 365 1 0
potato-blue-trail-14_0003.png 206 82 309 185 1 0 341 94 446 183 1 1 212 234 326 329 1 2 384 214 478 313 1 3
potato-trail-4_0001.png 208 213 320 337 1 0
potato-trail-0_0003.png 114 212 262 358 1 0
potato-blue-trail-11_0003.png 140 177 238 279 1 0 288 234 399 328 1 1 197 73 292 142 1 2 330 108 430 190 1 3
potato-trail-2_0003.png 219 281 347 410 1 0
potato-blue-trail-2_0004.png 207 133 269 194 1 0 189 247 237 301 1 1 265 280 319 339 1 2 301 140 354 219 1 3
potato-blue-trail-0_0000.png 186 242 305 350 1 0 265 83 349 179 1 1 358 330 432 407 1 2 408 192 481 262 1 3
potato-blue-trail-9_0002.png 219 99 278 187 1 0 195 243 256 296 1 1 331 246 417 318 1 2 381 101 445 186 1 3
potato-blue-trail-4_0003.png 147 94 227 162 1 0 133 223 204 302 1 1 295 232 385 326 1 2 299 94 384 171 1 3
potato-blue-trail-5_0001.png 190 109 261 173 1 0 170 265 248 345 1 1 341 248 436 323 1 2 325 137 400 200 1 3
potato-white-trail-0_0000.png 196 84 320 164 1 0 372 102 467 204 1 1 325 275 407 356 1 2 184 218 252 337 1 3
potato-trail-9_0000.png 279 220 441 440 1 0
potato-trail-2_0004.png 397 211 527 342 1 0
potato-blue-trail-13_0004.png 212 208 316 318 1 0 352 206 466 323 1 1 239 78 317 166 1 2 373 100 465 196 1 3
potato-blue-trail-3_0001.png 237 159 303 217 1 0 215 302 284 366 1 1 353 159 433 230 1 2 382 292 471 382 1 3
potato-blue-trail-12_0000.png 146 98 266 204 1 0 116 264 250 376 1 1 299 238 430 407 1 2 336 82 464 229 1 3
potato-trail-6_0000.png 212 155 419 342 1 0
potato-blue-trail-14_0000.png 209 54 326 177 1 0 380 80 501 198 1 1 342 252 484 392 1 2 188 234 316 355 1 3
potato-trail-8_0000.png 264 158 389 323 1 0
potato-blue-trail-0_0003.png 251 109 334 184 1 0 210 264 302 359 1 1 371 243 494 361 1 2 407 94 484 180 1 3
potato-blue-trail-11_0001.png 183 115 287 202 1 0 140 245 258 349 1 1 309 276 415 369 1 2 332 140 435 224 1 3
potato-trail-5_0001.png 454 112 584 246 1 0
potato-trail-3_0004.png 200 204 380 306 1 0
potato-trail-4_0002.png 219 64 337 196 1 0
potato-trail-7_0002.png 63 83 206 244 1 0
potato-trail-7_0004.png 260 251 380 410 1 0
potato-white-trail-1_0001.png 331 105 437 210 1 0 360 240 464 361 1 1 222 279 341 388 1 2 191 132 292 261 1 3
potato-blue-trail-9_0003.png 180 222 255 314 1 0 323 275 421 347 1 1 207 87 273 175 1 2 333 139 422 204 1 3
potato-trail-4_0000.png 313 148 432 275 1 0
potato-trail-5_0004.png 369 236 491 354 1 0
potato-blue-trail-12_0002.png 169 225 316 314 1 0 236 108 323 194 1 1 358 142 441 226 1 2 309 274 448 372 1 3
potato-blue-trail-1_0006.png 268 121 391 200 1 0 265 269 335 330 1 1 393 356 484 423 1 2 453 170 559 266 1 3
potato-blue-trail-1_0001.png 246 86 345 164 1 0 182 264 283 369 1 1 341 334 471 408 1 2 408 179 489 256 1 3
potato-blue-trail-8_0002.png 202 147 304 237 1 0 346 168 426 253 1 1 377 298 445 372 1 2 171 281 304 398 1 3
potato-trail-9_0001.png 366 129 555 304 1 0
potato-blue-trail-10_0002.png 188 230 297 330 1 0 260 128 341 213 1 1 310 330 431 384 1 2 425 165 505 246 1 3
potato-blue-trail-5_0002.png 188 93 283 161 1 0 162 212 242 288 1 1 305 276 383 344 1 2 360 115 433 188 1 3
potato-white-trail-0_0001.png 195 86 320 167 1 0 183 218 249 334 1 1 322 272 408 358 1 2 371 102 466 201 1 3
potato-white-trail-2_0001.png 367 238 482 343 1 0 264 296 354 374 1 1 201 144 289 248 1 2 342 106 462 191 1 3
potato-blue-trail-13_0003.png 160 122 247 218 1 0 286 94 381 196 1 1 356 189 453 311 1 2 198 269 304 357 1 3
potato-trail-3_0001.png 268 147 377 325 1 0
potato-white-trail-2_0000.png 207 120 340 208 1 0 162 237 284 326 1 1 275 340 389 400 1 2 345 209 437 294 1 3
potato-blue-trail-12_0004.png 225 115 338 211 1 0 353 120 481 233 1 1 246 255 338 355 1 2 396 260 492 370 1 3
potato-blue-trail-0_0002.png 243 68 319 150 1 0 197 216 269 285 1 1 326 301 412 399 1 2 375 123 489 246 1 3
potato-trail-8_0004.png 370 65 500 245 1 0
potato-blue-trail-4_0001.png 176 76 245 135 1 0 110 199 200 282 1 1 280 242 376 330 1 2 320 111 389 181 1 3
potato-blue-trail-11_0002.png 176 195 262 296 1 0 324 251 419 335 1 1 362 117 451 210 1 2 219 78 313 170 1 3
potato-trail-4_0003.png 157 80 277 212 1 0
potato-blue-trail-4_0000.png 235 123 318 198 1 0 256 297 361 387 1 1 455 244 541 357 1 2 407 79 504 162 1 3
potato-blue-trail-6_0000.png 216 99 304 189 1 0 150 253 226 363 1 1 333 303 417 391 1 2 400 166 467 251 1 3
potato-trail-1_0004.png 329 229 490 364 1 0
potato-blue-trail-10_0003.png 345 354 424 426 1 0 370 192 469 276 1 1 247 138 341 231 1 2 192 234 246 349 1 3
potato-blue-trail-3_0004.png 259 122 314 180 1 0 226 222 295 312 1 1 375 256 464 333 1 2 426 155 476 218 1 3
potato-blue-trail-3_0003.png 197 221 247 289 1 0 357 259 418 323 1 1 378 123 447 203 1 2 232 118 310 181 1 3
potato-blue-trail-2_0002.png 236 107 292 160 1 0 169 185 235 276 1 1 308 258 404 327 1 2 358 152 423 215 1 3
potato-trail-5_0000.png 299 176 414 300 1 0
potato-trail-0_0000.png 253 134 400 293 1 0
potato-blue-trail-2_0000.png 164 87 264 173 1 0 146 257 230 339 1 1 329 292 403 371 1 2 354 110 445 211 1 3
potato-blue-trail-1_0002.png 244 72 342 174 1 0 179 227 254 363 1 1 334 308 407 390 1 2 439 157 514 254 1 3
potato-blue-trail-1_0000.png 170 212 233 308 1 0 308 341 394 433 1 1 312 104 389 180 1 2 446 179 505 319 1 3
