cans_0008.jpg 742 807 845 1047 1 0 920 795 1012 971 1 1 1104 736 1189 948 1 2 1253 844 1348 1014 1 3
cans_0107.jpg 756 769 850 995 1 0 908 817 991 980 1 1 1050 756 1139 978 1 2 1193 808 1291 982 1 3
water_bottle_0001.jpg 752 288 814 376 1 0 814 271 881 355 1 1 214 265 274 351 1 2 165 278 227 364 1 3 401 175 444 287 2 0 601 173 646 285 2 1 419 364 484 528 2 2 580 369 654 533 2 3
cans_0077.jpg 746 391 863 633 1 0 902 459 995 633 1 1 1050 393 1156 637 1 2 1186 448 1308 640 1 3
water_bottle_0005.jpg 751 289 814 377 1 0 815 271 881 357 1 1 214 265 274 350 1 2 165 277 231 365 1 3 396 238 446 367 2 0 481 239 527 367 2 1 558 237 608 366 2 2 636 237 693 365 2 3
water_bottle_0039.jpg 166 278 230 366 1 0 212 265 275 353 1 1 750 289 814 376 1 2 812 269 880 356 1 3 430 279 482 419 2 0 547 264 602 400 2 1 535 213 580 337 2 2
water_bottle_0053.jpg 167 278 230 366 1 0 216 265 274 352 1 1 751 288 817 374 1 2 756 246 814 321 1 3 816 269 880 356 1 4 400 176 444 287 2 0 399 338 466 495 2 1 585 240 638 370 2 2
cans_0003.jpg 742 807 843 1045 1 0 919 796 1012 970 1 1 1104 737 1189 947 1 2 1264 845 1360 1014 1 3
cans_0001.jpg 715 618 828 858 1 0 897 584 993 755 1 1 1090 563 1186 784 1 2 1237 596 1332 755 1 3
cans_0104.jpg 745 396 863 638 1 0 900 456 994 632 1 1 1056 395 1160 638 1 2 1191 459 1315 654 1 3
cans_0051.jpg 737 581 845 812 1 0 922 567 1012 734 1 1 1104 510 1197 719 1 2 1258 621 1357 781 1 3
cans_0072.jpg 767 744 858 960 1 0 908 818 991 982 1 1 1050 756 1138 980 1 2 1191 806 1295 986 1 3
cans_0066.jpg 715 617 828 856 1 0 919 608 1015 785 1 1 1106 573 1206 796 1 2 1265 637 1367 803 1 3
cans_0083.jpg 861 788 967 982 1 0 1101 769 1226 981 1 1 868 484 949 686 1 2 1067 495 1153 700 1 3
cans_0037.jpg 686 323 801 559 1 0 891 352 990 530 1 1 1085 348 1187 584 1 2 1256 412 1365 580 1 3
cans_0109.jpg 867 481 952 686 1 0 1000 586 1091 815 1 1 1105 733 1226 937 1 2 864 751 964 937 1 3
water_bottle_0025.jpg 166 278 231 366 1 0 215 266 275 351 1 1 815 270 882 358 1 2 602 174 644 283 2 0 482 183 522 294 2 1 493 345 556 504 2 2 700 323 782 474 2 3
cans_0064.jpg 745 808 843 1045 1 0 915 797 1009 971 1 1 1089 732 1175 944 1 2 1246 854 1346 1023 1 3
cans_0042.jpg 698 307 811 534 1 0 890 359 990 537 1 1 1079 307 1174 534 1 2 1231 374 1331 534 1 3
cans_0043.jpg 700 306 811 534 1 0 875 382 976 562 1 1 1065 340 1165 573 1 2 1239 412 1348 580 1 3
cans_0067.jpg 754 808 856 1047 1 0 916 875 1002 1049 1 1 1061 817 1158 1056 1 2 1190 871 1301 1063 1 3
cans_0091.jpg 726 604 838 838 1 0 898 628 980 792 1 1 1046 560 1138 784 1 2 1194 622 1300 803 1 3
cans_0073.jpg 720 612 831 849 1 0 891 673 983 845 1 1 1052 619 1153 856 1 2 1204 684 1324 875 1 3
cans_0028.jpg 687 328 802 560 1 0 885 369 986 549 1 1 1085 321 1185 549 1 2 1245 411 1356 578 1 3
multiple_0012.jpg 202 64 289 224 1 0 230 328 297 421 1 1 217 222 292 331 1 2 313 61 395 222 1 3 312 216 383 323 1 4 314 321 377 411 1 5 395 299 462 418 1 6
cans_0020.jpg 739 807 838 1044 1 0 919 795 1011 970 1 1 1090 734 1175 948 1 2 1248 852 1345 1023 1 3
cans_0071.jpg 727 604 837 840 1 0 902 647 990 812 1 1 1046 559 1138 784 1 2 1193 625 1306 804 1 3
cans_0006.jpg 685 329 805 562 1 0 885 370 986 549 1 1 1085 321 1185 551 1 2 1245 410 1357 578 1 3
cans_0099.jpg 720 612 830 848 1 0 890 673 982 845 1 1 1052 618 1152 855 1 2 1193 666 1309 854 1 3
cans_0082.jpg 745 467 874 723 1 0 915 493 1013 674 1 1 1057 403 1168 651 1 2 1200 522 1335 723 1 3
cans_0060.jpg 743 807 845 1045 1 0 922 796 1013 970 1 1 1104 736 1190 949 1 2 1253 845 1350 1014 1 3
water_bottle_0059.jpg 166 278 230 364 1 0 213 267 273 350 1 1 752 289 813 375 1 2 816 270 881 354 1 3 374 236 428 365 2 0 557 236 607 365 2 1 580 370 654 534 2 2 418 365 485 529 2 3
cans_0122.jpg 867 481 952 685 1 0 863 749 963 938 1 1 1106 732 1227 936 1 2 1067 492 1152 700 1 3
cans_0036.jpg 691 306 806 536 1 0 885 370 985 548 1 1 1085 349 1186 582 1 2 1256 410 1365 580 1 3
water_bottle_0034.jpg 165 279 229 364 1 0 213 265 273 350 1 1 752 289 812 377 1 2 815 272 880 356 1 3 757 243 813 325 1 4 375 237 427 365 2 0 469 238 515 368 2 1 557 236 608 365 2 2 643 234 701 363 2 3
cans_0022.jpg 737 582 843 812 1 0 922 566 1012 734 1 1 1106 512 1195 719 1 2 1256 619 1354 778 1 3
cans_0134.jpg 753 403 872 649 1 0 909 464 1002 638 1 1 1056 396 1164 640 1 2 1189 477 1315 671 1 3
cans_0029.jpg 701 304 813 533 1 0 887 358 985 534 1 1 1067 340 1165 571 1 2 1238 412 1349 582 1 3
cans_0047.jpg 728 599 837 833 1 0 922 566 1013 734 1 1 1104 510 1195 719 1 2 1254 618 1356 778 1 3
water_bottle_0062.jpg 164 278 230 365 1 0 213 266 273 349 1 1 751 286 815 375 1 2 815 270 881 356 1 3 374 236 428 364 2 0 481 239 527 367 2 1 557 237 608 367 2 2 635 237 693 366 2 3
cans_0005.jpg 728 599 837 832 1 0 919 592 1013 766 1 1 1104 533 1198 745 1 2 1254 619 1356 781 1 3
water_bottle_0031.jpg 166 279 228 365 1 0 214 264 275 351 1 1 751 288 813 376 1 2 815 271 881 356 1 3 375 237 427 365 2 0 468 238 515 368 2 1 558 237 608 365 2 2 635 238 693 366 2 3
cans_0086.jpg 745 396 863 640 1 0 901 458 998 630 1 1 1053 395 1161 640 1 2 1186 455 1312 649 1 3
cans_0039.jpg 743 806 843 1045 1 0 919 797 1013 970 1 1 1095 736 1180 949 1 2 1252 844 1348 1014 1 3
cans_0097.jpg 735 719 826 929 1 0 909 764 986 914 1 1 1071 711 1154 919 1 2 1219 759 1315 923 1 3
cans_0025.jpg 1261 845 1358 1015 1 0 1104 736 1189 949 1 1 920 796 1012 971 1 2 738 807 839 1047 1 3
water_bottle_0027.jpg 165 276 230 366 1 0 212 265 274 350 1 1 750 288 813 378 1 2 816 269 881 358 1 3 635 238 693 366 2 0 557 237 608 367 2 1 480 239 527 367 2 2 396 238 446 367 2 3
water_bottle_0018.jpg 754 289 814 377 1 0 815 269 882 355 1 1 213 265 276 352 1 2 165 277 230 366 1 3 381 237 434 365 2 0 462 235 508 362 2 1 535 214 580 336 2 2 608 237 664 368 2 3
water_bottle_0002.jpg 753 286 813 377 1 0 813 271 881 353 1 1 213 265 275 351 1 2 165 277 230 365 1 3 381 236 434 365 2 0 462 235 507 362 2 1 535 214 580 335 2 2 609 238 664 368 2 3
cans_0026.jpg 686 325 801 556 1 0 893 354 993 529 1 1 1085 348 1186 581 1 2 1254 411 1365 580 1 3
water_bottle_0043.jpg 165 278 231 362 1 0 213 264 276 353 1 1 749 286 814 376 1 2 813 272 879 357 1 3 454 349 516 507 2 0 692 354 777 516 2 1 552 183 591 297 2 2 373 189 420 303 2 3
cans_0089.jpg 745 391 863 633 1 0 901 458 995 633 1 1 1050 393 1154 636 1 2 1187 455 1312 649 1 3
water_bottle_0028.jpg 164 278 231 365 1 0 214 267 274 350 1 1 815 271 881 357 1 2 699 329 781 483 2 0 602 174 644 283 2 1 483 183 521 295 2 2 457 338 519 492 2 3
water_bottle_0020.jpg 164 278 230 366 1 0 216 265 276 349 1 1 815 269 879 355 1 2 483 183 522 294 2 0 602 174 644 284 2 1 497 357 562 516 2 2 699 322 782 474 2 3
cans_0034.jpg 728 600 837 833 1 0 922 566 1012 734 1 1 1106 511 1197 719 1 2 1254 618 1354 778 1 3
cans_0111.jpg 726 604 837 838 1 0 901 645 991 812 1 1 1043 577 1138 803 1 2 1194 623 1302 804 1 3
cans_0100.jpg 774 582 876 811 1 0 865 751 961 937 1 1 1000 584 1091 817 1 2 1106 734 1223 934 1 3
multiple_0024.jpg 155 33 260 204 1 0 186 203 273 306 1 1 275 87 382 279 1 2 285 272 372 378 1 3 386 182 473 321 1 4
cans_0062.jpg 737 584 846 812 1 0 922 566 1012 734 1 1 1106 512 1197 719 1 2 1257 623 1360 784 1 3
cans_0052.jpg 701 304 815 533 1 0 885 358 985 534 1 1 1078 306 1175 534 1 2 1238 411 1348 580 1 3
water_bottle_0054.jpg 165 279 229 364 1 0 213 267 273 351 1 1 814 272 881 356 1 2 483 184 522 294 2 0 602 175 644 283 2 1 699 329 781 482 2 2 448 347 510 506 2 3
water_bottle_0032.jpg 165 278 231 365 1 0 213 266 274 350 1 1 814 272 880 353 1 2 483 183 522 294 2 0 601 174 644 283 2 1 503 361 569 522 2 2 698 323 782 473 2 3
water_bottle_0000.jpg 752 286 814 379 1 0 214 267 276 351 1 1 163 277 226 367 1 2 816 271 880 355 1 3 380 237 436 367 2 0 479 238 528 368 2 1 557 236 610 367 2 2 635 237 693 368 2 3
cans_0103.jpg 720 612 831 848 1 0 890 673 983 845 1 1 1101 767 1227 981 1 2 1067 492 1153 697 1 3
water_bottle_0044.jpg 166 277 230 365 1 0 213 266 275 350 1 1 814 269 881 357 1 2 499 351 561 512 2 0 699 323 783 474 2 1 484 183 523 294 2 2 602 174 645 283 2 3
cans_0058.jpg 691 306 805 536 1 0 886 370 982 548 1 1 1085 322 1185 552 1 2 1246 411 1354 578 1 3
cans_0126.jpg 732 447 860 701 1 0 902 445 993 617 1 1 1042 395 1146 637 1 2 1200 521 1332 723 1 3
water_bottle_0037.jpg 166 278 230 365 1 0 214 266 275 350 1 1 814 270 881 355 1 2 748 287 814 376 1 3 756 246 815 322 1 4 483 183 522 294 2 0 601 174 644 284 2 1 493 344 556 505 2 2 699 323 781 474 2 3
multiple_0020.jpg 295 34 377 193 1 0 385 37 462 184 1 1 298 193 378 334 1 2 381 183 452 311 1 3 454 282 520 411 1 4 382 306 450 426 1 5 307 330 381 459 1 6
multiple_0000.jpg 149 145 227 275 1 0 224 138 298 269 1 1 296 137 366 270 1 2 368 216 435 349 1 3 305 269 371 389 1 4 239 266 306 390 1 5 171 273 243 393 1 6
cans_0069.jpg 1100 770 1226 980 1 0 861 789 967 980 1 1 868 484 950 685 1 2 1067 492 1152 701 1 3
cans_0090.jpg 735 718 823 929 1 0 919 781 997 934 1 1 1072 712 1156 919 1 2 1219 759 1313 922 1 3
multiple_0001.jpg 167 112 257 261 1 0 256 118 337 266 1 1 337 131 414 273 1 2 420 228 502 383 1 3 346 268 429 440 1 4 262 262 348 436 1 5 166 261 261 446 1 6
cans_0057.jpg 691 307 806 536 1 0 891 352 993 530 1 1 1083 348 1186 584 1 2 1257 412 1365 578 1 3
cans_0065.jpg 691 307 805 537 1 0 885 370 985 549 1 1 1085 323 1185 551 1 2 1245 411 1354 577 1 3
cans_0137.jpg 756 804 854 1040 1 0 913 864 1000 1038 1 1 1053 815 1149 1056 1 2 1182 863 1294 1056 1 3
water_bottle_0061.jpg 164 277 231 364 1 0 213 265 275 352 1 1 815 271 881 355 1 2 460 245 507 376 2 0 540 250 590 384 2 1 601 175 644 283 2 2 700 328 781 482 2 3
cans_0038.jpg 715 618 828 856 1 0 919 591 1011 764 1 1 1104 533 1197 747 1 2 1264 637 1365 800 1 3
cans_0011.jpg 738 807 838 1045 1 0 917 797 1009 971 1 1 1087 732 1174 945 1 2 1249 852 1345 1023 1 3
cans_0106.jpg 749 406 869 651 1 0 906 466 1002 643 1 1 1054 407 1163 652 1 2 1187 477 1315 674 1 3
water_bottle_0017.jpg 751 289 815 376 1 0 815 271 881 357 1 1 214 266 274 351 1 2 165 279 229 363 1 3 656 256 718 392 2 0 541 250 590 384 2 1 460 244 507 376 2 2 351 247 409 379 2 3
water_bottle_0016.jpg 814 270 881 357 1 0 213 266 275 352 1 1 166 278 230 365 1 2 483 183 522 294 2 0 602 175 644 284 2 1 467 351 528 511 2 2 700 329 781 483 2 3
cans_0138.jpg 746 391 861 632 1 0 901 458 995 632 1 1 1050 393 1154 636 1 2 1189 455 1309 648 1 3
water_bottle_0010.jpg 752 288 813 379 1 0 814 270 880 357 1 1 165 278 231 366 1 2 214 265 275 352 1 3 381 237 433 365 2 0 461 235 508 363 2 1 535 213 580 335 2 2 609 238 663 368 2 3
cans_0130.jpg 756 770 850 996 1 0 911 821 994 988 1 1 1050 758 1138 978 1 2 1190 815 1294 995 1 3
water_bottle_0049.jpg 165 277 230 365 1 0 214 267 273 351 1 1 750 287 813 378 1 2 815 271 879 356 1 3 351 247 409 380 2 0 459 245 506 376 2 1 540 250 590 384 2 2 656 257 719 392 2 3
water_bottle_0007.jpg 753 288 813 378 1 0 817 270 880 358 1 1 215 266 275 351 1 2 164 276 229 365 1 3 381 236 434 364 2 0 462 235 507 362 2 1 536 213 579 335 2 2 609 237 664 368 2 3
cans_0068.jpg 734 719 824 930 1 0 920 781 997 934 1 1 1071 715 1154 925 1 2 1231 766 1330 930 1 3
water_bottle_0058.jpg 164 278 231 364 1 0 212 265 273 350 1 1 752 288 814 377 1 2 816 272 881 355 1 3 379 236 431 365 2 0 481 239 528 367 2 1 557 238 608 366 2 2 636 237 693 366 2 3
cans_0078.jpg 868 484 950 686 1 0 1067 492 1152 699 1 1 863 752 964 936 1 2 1101 767 1226 978 1 3
cans_0084.jpg 753 404 871 649 1 0 908 463 1005 638 1 1 1056 396 1163 640 1 2 1190 478 1317 673 1 3
water_bottle_0009.jpg 164 278 231 366 1 0 214 265 275 351 1 1 752 288 814 377 1 2 817 271 880 357 1 3 400 176 444 287 2 0 449 245 500 377 2 1 602 175 644 283 2 2 581 369 653 533 2 3
cans_0015.jpg 738 807 838 1045 1 0 917 796 1009 971 1 1 1087 732 1172 945 1 2 1249 852 1343 1022 1 3
cans_0088.jpg 754 807 856 1045 1 0 916 874 1004 1049 1 1 1061 815 1157 1056 1 2 1190 867 1300 1060 1 3
cans_0125.jpg 731 448 860 701 1 0 900 444 994 617 1 1 1042 395 1146 637 1 2 1156 503 1285 706 1 3
cans_0040.jpg 690 307 805 536 1 0 885 370 985 551 1 1 1085 322 1185 552 1 2 1257 412 1365 580 1 3
water_bottle_0038.jpg 166 276 230 366 1 0 214 266 273 350 1 1 751 286 813 377 1 2 756 247 813 323 1 3 815 269 881 356 1 4 375 237 427 365 2 0 468 238 515 368 2 1 558 237 608 367 2 2 635 238 692 366 2 3
cans_0076.jpg 753 403 869 649 1 0 909 463 1005 640 1 1 1053 395 1160 638 1 2 1190 459 1316 652 1 3
water_bottle_0042.jpg 163 278 229 364 1 0 213 267 274 350 1 1 757 288 814 377 1 2 757 247 812 325 1 3 817 271 879 355 1 4 479 354 543 510 2 0 700 324 782 475 2 1 602 175 644 284 2 2 482 183 522 295 2 3
multiple_0010.jpg 245 51 313 177 1 0 255 287 318 394 1 1 250 175 315 289 1 2 333 48 395 174 1 3 333 174 393 284 1 4 335 284 392 390 1 5 411 273 470 394 1 6
water_bottle_0026.jpg 166 277 230 366 1 0 215 265 275 353 1 1 752 288 814 377 1 2 815 271 881 356 1 3 445 365 508 527 2 0 692 355 777 516 2 1 552 183 592 296 2 2 373 189 421 302 2 3
cans_0041.jpg 746 806 846 1044 1 0 916 796 1006 971 1 1 1093 732 1179 943 1 2 1249 847 1343 1017 1 3
cans_0017.jpg 686 329 800 560 1 0 886 369 987 548 1 1 1085 321 1185 551 1 2 1237 411 1348 580 1 3
water_bottle_0019.jpg 816 270 882 356 1 0 751 289 815 377 1 1 213 264 275 351 1 2 164 276 230 365 1 3 373 189 420 302 2 0 552 183 592 296 2 1 456 362 517 522 2 2 692 354 776 515 2 3
cans_0094.jpg 756 770 849 995 1 0 912 821 994 986 1 1 1052 763 1141 988 1 2 1191 814 1294 995 1 3
cans_0030.jpg 743 806 843 1045 1 0 919 797 1011 970 1 1 1094 738 1180 949 1 2 1253 845 1348 1015 1 3
cans_0121.jpg 734 719 826 929 1 0 919 781 997 934 1 1 1072 711 1154 921 1 2 1219 758 1315 923 1 3
water_bottle_0023.jpg 751 286 814 375 1 0 814 270 881 357 1 1 164 278 230 364 1 2 214 267 273 349 1 3 375 237 427 364 2 0 469 239 515 368 2 1 557 237 608 365 2 2 635 238 693 366 2 3
cans_0044.jpg 716 618 828 858 1 0 919 610 1016 785 1 1 1106 573 1205 796 1 2 1263 638 1365 803 1 3
cans_0045.jpg 686 329 802 559 1 0 875 381 976 562 1 1 1067 340 1167 571 1 2 1239 414 1349 580 1 3
cans_0024.jpg 715 618 828 855 1 0 919 607 1016 785 1 1 1104 533 1198 745 1 2 1263 636 1365 801 1 3
cans_0085.jpg 752 403 869 648 1 0 908 462 1005 640 1 1 1057 397 1164 641 1 2 1197 456 1323 652 1 3
cans_0118.jpg 754 808 854 1045 1 0 912 863 1001 1038 1 1 1054 815 1149 1058 1 2 1191 863 1301 1060 1 3
cans_0032.jpg 697 306 811 536 1 0 891 359 990 538 1 1 1075 308 1175 534 1 2 1230 373 1332 534 1 3
water_bottle_0021.jpg 165 277 230 365 1 0 215 264 275 350 1 1 813 269 882 358 1 2 460 245 506 376 2 0 601 174 644 284 2 1 540 250 590 383 2 2 699 327 781 482 2 3
cans_0120.jpg 735 717 826 930 1 0 909 817 991 980 1 1 1050 755 1138 977 1 2 1231 764 1328 930 1 3
cans_0063.jpg 739 807 841 1047 1 0 920 796 1013 973 1 1 1105 736 1189 948 1 2 1264 845 1360 1015 1 3
cans_0009.jpg 701 304 813 534 1 0 887 356 985 534 1 1 1078 306 1175 533 1 2 1231 374 1332 534 1 3
cans_0048.jpg 701 304 815 534 1 0 886 358 983 534 1 1 1065 341 1167 571 1 2 1239 412 1348 581 1 3
cans_0124.jpg 868 484 950 686 1 0 1068 492 1153 699 1 1 864 751 964 937 1 2 1106 732 1227 937 1 3
cans_0054.jpg 686 325 801 556 1 0 893 355 991 530 1 1 1094 329 1195 558 1 2 1256 412 1367 578 1 3
multiple_0023.jpg 197 86 299 277 1 0 207 276 300 448 1 1 363 91 460 267 1 2 362 268 447 429 1 3 298 254 362 392 1 4 299 94 367 253 1 5
cans_0055.jpg 743 806 845 1045 1 0 913 793 1008 966 1 1 1086 732 1172 945 1 2 1248 852 1343 1022 1 3
cans_0092.jpg 748 406 869 652 1 0 905 467 1000 641 1 1 1054 406 1161 652 1 2 1200 500 1332 701 1 3
cans_0131.jpg 748 404 869 651 1 0 908 463 1002 638 1 1 1056 397 1164 638 1 2 1189 477 1316 673 1 3
cans_0127.jpg 745 391 863 634 1 0 900 458 995 634 1 1 1050 386 1153 626 1 2 1189 448 1308 641 1 3
cans_0059.jpg 698 304 811 536 1 0 891 360 991 537 1 1 1076 306 1172 533 1 2 1220 373 1322 532 1 3
cans_0018.jpg 738 581 845 812 1 0 922 567 1013 734 1 1 1112 515 1204 725 1 2 1258 622 1358 782 1 3
cans_0123.jpg 735 712 823 918 1 0 909 763 986 912 1 1 1072 710 1156 919 1 2 1220 760 1316 925 1 3
cans_0101.jpg 748 406 869 651 1 0 905 467 1001 643 1 1 1058 404 1167 649 1 2 1198 521 1331 722 1 3
cans_0108.jpg 749 407 868 652 1 0 905 467 1004 643 1 1 1058 403 1167 649 1 2 1200 519 1334 723 1 3
cans_0093.jpg 750 407 869 652 1 0 906 466 1004 643 1 1 1054 406 1163 652 1 2 1198 501 1332 704 1 3
cans_0061.jpg 697 306 812 537 1 0 891 360 990 536 1 1 1078 308 1175 533 1 2 1231 373 1332 532 1 3
cans_0010.jpg 715 618 828 859 1 0 919 608 1016 786 1 1 1108 574 1205 797 1 2 1263 636 1365 801 1 3
cans_0136.jpg 732 448 860 700 1 0 900 444 994 618 1 1 1058 403 1167 649 1 2 1198 522 1334 723 1 3
cans_0095.jpg 731 448 861 701 1 0 916 495 1013 675 1 1 1058 403 1167 649 1 2 1198 521 1332 723 1 3
cans_0027.jpg 738 582 843 812 1 0 919 569 1013 736 1 1 1112 514 1202 723 1 2 1258 621 1358 781 1 3
cans_0139.jpg 722 585 830 815 1 0 889 673 982 844 1 1 1052 619 1154 856 1 2 1201 681 1323 874 1 3
cans_0049.jpg 716 619 827 855 1 0 919 610 1017 786 1 1 1091 562 1186 782 1 2 1238 597 1332 754 1 3
cans_0135.jpg 731 447 861 701 1 0 900 443 995 618 1 1 1043 395 1146 637 1 2 1158 501 1286 704 1 3
water_bottle_0030.jpg 163 277 230 365 1 0 214 265 275 350 1 1 813 271 882 355 1 2 483 183 522 294 2 0 602 175 645 283 2 1 498 351 561 512 2 2 699 323 782 473 2 3
cans_0023.jpg 738 806 841 1047 1 0 920 791 1013 964 1 1 1113 738 1200 951 1 2 1261 845 1358 1014 1 3
cans_0079.jpg 745 470 874 726 1 0 916 493 1013 674 1 1 1058 403 1167 649 1 2 1197 522 1335 725 1 3
cans_0087.jpg 749 407 868 651 1 0 905 466 1002 643 1 1 1054 404 1163 652 1 2 1198 521 1334 723 1 3
cans_0114.jpg 731 449 860 700 1 0 901 444 995 618 1 1 1057 403 1167 649 1 2 1198 521 1335 721 1 3
water_bottle_0063.jpg 165 278 231 364 1 0 215 267 275 350 1 1 752 289 813 376 1 2 814 271 882 355 1 3 373 188 420 302 2 0 553 183 591 296 2 1 444 365 508 527 2 2 691 354 779 516 2 3
water_bottle_0012.jpg 750 288 815 378 1 0 816 270 882 356 1 1 165 277 231 363 1 2 214 266 275 349 1 3 401 176 443 286 2 0 601 174 644 283 2 1 419 364 484 528 2 2 581 369 654 534 2 3
cans_0075.jpg 727 606 838 838 1 0 900 645 990 812 1 1 1043 577 1139 804 1 2 1186 648 1301 832 1 3
water_bottle_0060.jpg 165 278 229 364 1 0 214 266 273 350 1 1 815 272 881 357 1 2 483 183 522 294 2 0 602 175 644 284 2 1 700 329 781 483 2 2 461 353 524 512 2 3
cans_0080.jpg 748 621 861 860 1 0 900 681 991 856 1 1 1043 575 1138 804 1 2 1186 647 1300 832 1 3
water_bottle_0040.jpg 166 278 230 364 1 0 212 266 274 350 1 1 751 287 814 376 1 2 757 244 814 324 1 3 815 271 881 354 1 4 396 238 445 367 2 0 480 239 527 368 2 1 557 237 608 367 2 2 635 238 693 367 2 3
cans_0031.jpg 730 599 838 833 1 0 917 593 1013 764 1 1 1105 533 1198 747 1 2 1264 636 1365 800 1 3
water_bottle_0052.jpg 164 278 231 367 1 0 212 266 274 351 1 1 813 270 882 355 1 2 484 183 522 294 2 0 602 175 644 283 2 1 700 324 782 475 2 2 467 353 531 510 2 3
water_bottle_0051.jpg 165 279 230 364 1 0 212 266 274 348 1 1 751 287 814 374 1 2 817 271 880 355 1 3 401 176 444 287 2 0 449 244 500 376 2 1 584 240 638 368 2 2
water_bottle_0055.jpg 165 278 229 364 1 0 214 266 274 350 1 1 813 271 880 356 1 2 699 329 781 483 2 0 603 175 644 284 2 1 483 183 522 294 2 2 438 340 500 494 2 3
multiple_0011.jpg 178 35 253 166 1 0 199 282 267 392 1 1 189 167 258 284 1 2 260 26 337 164 1 3 270 165 342 286 1 4 278 286 343 400 1 5 355 281 425 419 1 6
cans_0119.jpg 734 718 823 928 1 0 908 817 990 980 1 1 1050 755 1138 978 1 2 1231 766 1331 932 1 3
cans_0113.jpg 737 721 826 930 1 0 919 781 998 934 1 1 1071 714 1156 925 1 2 1232 766 1331 932 1 3
cans_0013.jpg 715 619 828 856 1 0 917 593 1013 764 1 1 1105 534 1198 745 1 2 1263 637 1365 800 1 3
cans_0081.jpg 735 711 823 918 1 0 911 764 987 914 1 1 1074 715 1158 923 1 2 1222 770 1319 936 1 3
water_bottle_0008.jpg 750 286 813 377 1 0 815 271 881 355 1 1 212 265 275 351 1 2 164 277 232 363 1 3 373 188 420 302 2 0 551 183 591 296 2 1 449 357 512 514 2 2 691 354 777 515 2 3
water_bottle_0015.jpg 753 288 815 378 1 0 814 270 881 357 1 1 213 265 274 350 1 2 165 276 229 364 1 3 351 247 408 379 2 0 459 245 506 375 2 1 539 249 590 383 2 2 656 257 718 391 2 3
cans_0056.jpg 743 806 845 1045 1 0 915 795 1009 973 1 1 1094 732 1178 944 1 2 1246 848 1343 1018 1 3
cans_0035.jpg 737 582 845 814 1 0 922 566 1013 734 1 1 1106 510 1197 719 1 2 1254 618 1354 778 1 3
water_bottle_0003.jpg 751 288 813 375 1 0 214 267 276 352 1 1 164 277 231 366 1 2 816 272 881 354 1 3 373 189 421 302 2 0 551 183 592 296 2 1 456 363 517 523 2 2 692 354 778 516 2 3
water_bottle_0057.jpg 164 277 230 364 1 0 212 265 275 350 1 1 751 290 812 376 1 2 815 269 881 357 1 3 756 245 812 323 1 4 430 279 484 419 2 0 548 264 600 401 2 1 536 213 579 335 2 2
cans_0129.jpg 750 621 860 860 1 0 900 645 990 812 1 1 1043 575 1137 804 1 2 1186 648 1302 832 1 3
cans_0033.jpg 737 582 842 812 1 0 923 566 1011 736 1 1 1113 515 1204 725 1 2 1258 621 1357 784 1 3
cans_0004.jpg 715 617 828 858 1 0 919 608 1015 785 1 1 1104 533 1198 748 1 2 1264 636 1365 799 1 3
multiple_0021.jpg 295 13 366 153 1 0 294 151 358 271 1 1 327 281 395 419 1 2 394 250 428 366 1 3 219 266 249 397 1 4 252 302 328 460 1 5
cans_0110.jpg 752 403 871 648 1 0 908 463 1005 638 1 1 1053 399 1158 640 1 2 1191 459 1316 651 1 3
water_bottle_0022.jpg 165 276 231 365 1 0 213 264 275 349 1 1 814 271 880 356 1 2 483 183 522 294 2 0 602 175 644 283 2 1 699 323 782 474 2 2 497 361 563 521 2 3
water_bottle_0050.jpg 162 276 232 366 1 0 213 266 274 351 1 1 754 287 813 379 1 2 814 272 879 354 1 3 451 340 512 495 2 0 692 354 778 515 2 1 372 188 420 302 2 2 551 183 591 296 2 3
water_bottle_0004.jpg 752 288 815 379 1 0 816 269 882 356 1 1 212 266 273 350 1 2 165 277 231 367 1 3 401 176 444 287 2 0 449 245 500 377 2 1 601 174 644 283 2 2 580 369 654 534 2 3
cans_0115.jpg 774 581 879 812 1 0 863 751 964 937 1 1 1000 586 1091 814 1 2 1106 734 1224 934 1 3
cans_0116.jpg 723 585 828 814 1 0 890 674 982 843 1 1 1052 618 1152 856 1 2 1202 681 1322 873 1 3
water_bottle_0047.jpg 166 277 230 364 1 0 215 266 274 351 1 1 752 287 812 376 1 2 816 271 880 356 1 3 373 188 421 302 2 0 551 183 591 296 2 1 452 339 513 495 2 2 691 354 777 516 2 3
water_bottle_0013.jpg 752 289 815 377 1 0 815 271 881 354 1 1 166 277 232 365 1 2 216 265 275 350 1 3 381 238 436 367 2 0 481 239 527 367 2 1 557 238 608 366 2 2 636 238 693 366 2 3
cans_0141.jpg 728 604 838 837 1 0 900 645 990 812 1 1 1046 560 1138 785 1 2 1194 625 1304 803 1 3
cans_0070.jpg 750 621 861 860 1 0 901 645 990 814 1 1 1042 574 1139 803 1 2 1186 648 1300 833 1 3
cans_0050.jpg 741 806 839 1045 1 0 922 792 1012 963 1 1 1105 736 1190 949 1 2 1261 843 1358 1015 1 3
cans_0014.jpg 745 806 845 1047 1 0 920 796 1013 971 1 1 1104 737 1190 948 1 2 1263 845 1358 1014 1 3
cans_0098.jpg 722 585 830 815 1 0 900 629 987 795 1 1 1046 560 1139 784 1 2 1201 681 1323 877 1 3
water_bottle_0041.jpg 166 277 231 365 1 0 214 265 274 349 1 1 752 288 813 377 1 2 816 270 881 355 1 3 374 237 428 365 2 0 481 239 527 367 2 1 557 237 608 367 2 2 634 237 693 366 2 3
water_bottle_0035.jpg 164 277 230 366 1 0 213 267 274 350 1 1 755 288 813 379 1 2 817 270 881 356 1 3 373 189 420 302 2 0 551 184 590 296 2 1 456 363 517 523 2 2 691 354 778 517 2 3
cans_0019.jpg 698 307 811 534 1 0 885 359 985 534 1 1 1076 306 1176 532 1 2 1228 373 1334 533 1 3
cans_0012.jpg 697 306 811 536 1 0 887 358 986 534 1 1 1076 307 1175 533 1 2 1230 373 1332 533 1 3
water_bottle_0024.jpg 165 277 230 366 1 0 212 265 276 351 1 1 751 288 814 377 1 2 815 271 882 356 1 3 373 189 420 302 2 0 552 183 591 296 2 1 454 343 513 500 2 2 692 354 777 515 2 3
cans_0096.jpg 754 804 853 1041 1 0 912 864 1000 1038 1 1 1053 815 1148 1058 1 2 1182 862 1294 1055 1 3
cans_0016.jpg 728 600 838 833 1 0 917 592 1013 764 1 1 1106 510 1195 719 1 2 1256 617 1354 778 1 3
cans_0002.jpg 737 582 843 812 1 0 923 567 1011 736 1 1 1106 511 1195 719 1 2 1257 619 1354 778 1 3
water_bottle_0056.jpg 164 277 230 365 1 0 215 267 275 350 1 1 755 287 814 377 1 2 816 271 882 356 1 3 451 355 515 512 2 0 692 354 778 515 2 1 551 183 591 297 2 2 373 189 420 302 2 3
cans_0021.jpg 745 806 843 1045 1 0 916 797 1008 971 1 1 1089 732 1174 943 1 2 1249 852 1343 1022 1 3
water_bottle_0014.jpg 751 288 814 379 1 0 814 270 881 355 1 1 214 264 276 350 1 2 164 278 230 364 1 3 379 236 433 367 2 0 481 239 528 367 2 1 557 237 608 367 2 2 636 238 693 366 2 3
water_bottle_0045.jpg 164 276 231 364 1 0 214 265 273 351 1 1 813 270 880 357 1 2 483 183 522 293 2 0 601 174 644 283 2 1 493 345 556 504 2 2 700 322 782 474 2 3
